GreedyNN profit [ 66081.96976488] vertexes:0 92 27 66 57 60 24 80 72 67 84 38 29 28 2 45 33 11 85 26 19 61 59 90 97 31 10 58 20 71 9 89 48 74 96 55 7 79 88 0
GreedyNN profit [ 68456.10592413] vertexes:1 39 72 67 84 38 29 28 2 45 33 11 85 26 19 61 59 90 97 31 10 58 20 71 9 89 48 74 96 55 7 0 92 27 66 57 60 24 80 68 1
GreedyNN profit [ 66904.12374011] vertexes:2 28 45 33 11 85 26 19 61 59 90 97 31 10 58 20 71 9 89 48 74 96 55 7 0 92 27 66 57 60 24 80 72 67 84 38 29 4 36 75 94 2
GreedyNN profit [ 70072.66194837] vertexes:3 96 55 7 0 92 27 66 57 60 24 80 72 67 84 38 29 28 2 45 33 11 85 26 19 61 59 90 97 31 10 58 20 71 9 89 48 74 52 69 93 21 87 78 37 98 3
GreedyNN profit [ 11850.26199671] vertexes:4 36 38 84 67 72 68 39 53 4
GreedyNN profit [ 6389.84310428] vertexes:5 48 89 9 83 37 98 5
GreedyNN profit [ 73999.52456166] vertexes:6 8 56 19 85 26 11 61 59 90 97 31 10 58 20 71 9 89 48 74 96 55 7 0 92 27 66 57 60 24 80 72 67 84 38 29 28 2 45 33 54 82 6
GreedyNN profit [ 68801.82165373] vertexes:7 0 92 27 66 57 60 24 80 72 67 84 38 29 28 2 45 33 11 85 26 19 61 59 90 97 31 10 58 20 71 9 89 48 74 96 55 79 88 7
GreedyNN profit [ 73873.8584383] vertexes:8 6 11 85 26 19 61 59 90 97 31 10 58 20 71 9 89 48 74 96 55 7 0 92 27 66 57 60 24 80 72 67 84 38 29 28 2 45 33 54 82 56 86 8
GreedyNN profit [ 66893.54310034] vertexes:9 89 48 74 96 55 7 0 92 27 66 57 60 24 80 72 67 84 38 29 28 2 45 33 11 85 26 19 61 59 90 97 31 10 58 20 71 73 9
GreedyNN profit [ 39558.2965505] vertexes:10 31 90 97 22 61 85 26 11 19 8 6 56 86 24 80 72 67 84 38 29 28 2 45 33 54 82 10
GreedyNN profit [ 71745.36932478] vertexes:11 85 26 19 61 59 90 97 31 10 58 20 71 9 89 48 74 96 55 7 0 92 27 66 57 60 24 80 72 67 84 38 29 28 2 45 33 8 6 56 86 11
GreedyNN profit [ 14593.10078773] vertexes:12 75 94 4 36 38 84 67 72 68 39 53 12
GreedyNN profit [ 67349.44068104] vertexes:13 2 28 45 33 11 85 26 19 61 59 90 97 31 10 58 20 71 9 89 48 74 96 55 7 0 92 27 66 57 60 24 80 72 67 84 38 29 4 36 75 94 13
GreedyNN profit [ 39586.96387043] vertexes:14 10 31 90 97 22 61 85 26 11 19 8 6 56 86 24 80 72 67 84 38 29 28 2 45 33 54 82 14
GreedyNN profit [ 11321.76800741] vertexes:15 69 52 78 89 48 9 83 37 98 15
GreedyNN profit [ 39103.28089365] vertexes:16 10 31 90 97 22 61 85 26 11 19 8 6 56 86 24 80 72 67 84 38 29 28 2 45 33 54 82 16
GreedyNN profit [ 14379.52395453] vertexes:17 52 69 93 21 87 78 89 48 9 83 37 98 17
GreedyNN profit [ 11653.14007162] vertexes:18 52 69 93 21 87 78 89 48 9 83 37 98 18
GreedyNN profit [ 73006.50911763] vertexes:19 85 26 11 8 6 56 61 59 90 97 31 10 58 20 71 9 89 48 74 96 55 7 0 92 27 66 57 60 24 80 72 67 84 38 29 28 2 45 33 54 82 19
GreedyNN profit [ 41896.53255124] vertexes:20 58 10 31 90 97 22 61 85 26 11 19 8 6 56 86 24 80 72 67 84 38 29 28 2 45 33 54 82 20
GreedyNN profit [ 12168.3250713] vertexes:21 69 52 78 89 48 9 83 37 98 21
GreedyNN profit [ 66558.45719419] vertexes:22 90 97 31 10 58 20 71 9 89 48 74 96 55 7 0 92 27 66 57 60 24 80 72 67 84 38 29 28 2 45 33 11 85 26 19 61 59 34 22
GreedyNN profit [ 3155.16927313] vertexes:23 37 98 23
GreedyNN profit [ 68145.4722711] vertexes:24 80 72 67 84 38 29 28 2 45 33 11 85 26 19 61 59 90 97 31 10 58 20 71 9 89 48 74 96 55 7 0 92 27 66 57 60 68 39 53 24
GreedyNN profit [ 9120.5539526] vertexes:25 64 69 52 78 89 48 9 83 37 98 25
GreedyNN profit [ 73086.22229752] vertexes:26 85 19 11 8 6 56 61 59 90 97 31 10 58 20 71 9 89 48 74 96 55 7 0 92 27 66 57 60 24 80 72 67 84 38 29 28 2 45 33 54 82 26
GreedyNN profit [ 66429.85575016] vertexes:27 92 66 57 60 24 80 72 67 84 38 29 28 2 45 33 11 85 26 19 61 59 90 97 31 10 58 20 71 9 89 48 74 96 55 7 0 46 27
GreedyNN profit [ 67729.01740418] vertexes:28 2 45 33 11 85 26 19 61 59 90 97 31 10 58 20 71 9 89 48 74 96 55 7 0 92 27 66 57 60 24 80 72 67 84 38 29 4 36 75 94 28
GreedyNN profit [ 10657.89727899] vertexes:29 38 84 67 72 68 39 53 29
GreedyNN profit [ 14286.31579875] vertexes:30 79 55 96 74 52 69 93 21 87 78 89 48 9 83 37 98 30
GreedyNN profit [ 39472.4734103] vertexes:31 10 90 97 22 61 85 26 11 19 8 6 56 86 24 80 72 67 84 38 29 28 2 45 33 54 82 31
GreedyNN profit [ 14507.65426659] vertexes:32 75 94 4 36 38 84 67 72 68 39 53 32
GreedyNN profit [ 7748.48709286] vertexes:33 28 2 45 42 70 99 33
GreedyNN profit [ 72611.72403847] vertexes:34 85 26 11 19 61 59 90 97 31 10 58 20 71 9 89 48 74 96 55 7 0 92 27 66 57 60 24 80 72 67 84 38 29 28 2 45 33 8 6 56 86 34
GreedyNN profit [ 68184.67870528] vertexes:35 98 37 9 89 48 74 96 55 7 0 92 27 66 57 60 24 80 72 67 84 38 29 28 2 45 33 11 85 26 19 61 59 90 97 31 10 58 20 71 73 35
GreedyNN profit [ 12113.2356432] vertexes:36 4 38 84 67 72 68 39 53 36
GreedyNN profit [ 3211.16847932] vertexes:37 98 37
GreedyNN profit [ 10006.0824543] vertexes:38 84 67 72 68 39 53 38
GreedyNN profit [ 70627.35775697] vertexes:39 72 67 84 38 29 28 2 45 33 11 85 26 19 61 59 90 97 31 10 58 20 71 9 89 48 74 96 55 7 0 92 27 66 57 60 24 80 68 39
GreedyNN profit [ 69105.38809187] vertexes:40 70 99 2 28 45 33 11 85 26 19 61 59 90 97 31 10 58 20 71 9 89 48 74 96 55 7 0 92 27 66 57 60 24 80 72 67 84 38 29 4 36 75 94 40
GreedyNN profit [ 69369.46836339] vertexes:41 7 0 92 27 66 57 60 24 80 72 67 84 38 29 28 2 45 33 11 85 26 19 61 59 90 97 31 10 58 20 71 9 89 48 74 96 55 79 88 41
GreedyNN profit [ 66717.94302298] vertexes:42 2 28 45 33 11 85 26 19 61 59 90 97 31 10 58 20 71 9 89 48 74 96 55 7 0 92 27 66 57 60 24 80 72 67 84 38 29 4 36 75 94 42
GreedyNN profit [ 70792.30896622] vertexes:43 72 67 84 38 29 28 2 45 33 11 85 26 19 61 59 90 97 31 10 58 20 71 9 89 48 74 96 55 7 0 92 27 66 57 60 24 80 68 39 53 43
GreedyNN profit [ 64736.34940128] vertexes:44 90 97 31 10 58 20 71 9 89 48 74 96 55 7 0 92 27 66 57 60 24 80 72 67 84 38 29 28 2 45 33 11 85 26 19 61 59 34 44
GreedyNN profit [ 67044.01897631] vertexes:45 2 28 33 11 85 26 19 61 59 90 97 31 10 58 20 71 9 89 48 74 96 55 7 0 92 27 66 57 60 24 80 72 67 84 38 29 4 36 75 94 45
GreedyNN profit [ 63941.15689694] vertexes:46 90 97 31 10 58 20 71 9 89 48 74 96 55 7 0 92 27 66 57 60 24 80 72 67 84 38 29 28 2 45 33 11 85 26 19 61 59 34 46
GreedyNN profit [ 70695.63906153] vertexes:47 99 70 2 28 45 33 11 85 26 19 61 59 90 97 31 10 58 20 71 9 89 48 74 96 55 7 0 92 27 66 57 60 24 80 72 67 84 38 29 4 36 75 94 47
GreedyNN profit [ 5779.62753175] vertexes:48 89 9 83 37 98 48
GreedyNN profit [ 71492.79398205] vertexes:49 72 67 84 38 29 28 2 45 33 11 85 26 19 61 59 90 97 31 10 58 20 71 9 89 48 74 96 55 7 0 92 27 66 57 60 24 80 68 39 53 49
GreedyNN profit [ 65965.1450154] vertexes:50 60 24 80 72 67 84 38 29 28 2 45 33 11 85 26 19 61 59 90 97 31 10 58 20 71 9 89 48 74 96 55 7 0 92 27 66 57 68 39 53 50
GreedyNN profit [ 11926.85633387] vertexes:51 4 36 38 84 67 72 68 39 53 51
GreedyNN profit [ 13709.1611899] vertexes:52 69 93 21 87 78 89 48 9 83 37 98 52
GreedyNN profit [ 71424.37725893] vertexes:53 39 72 67 84 38 29 28 2 45 33 11 85 26 19 61 59 90 97 31 10 58 20 71 9 89 48 74 96 55 7 0 92 27 66 57 60 24 80 68 53
GreedyNN profit [ 71602.13034006] vertexes:54 11 85 26 19 61 59 90 97 31 10 58 20 71 9 89 48 74 96 55 7 0 92 27 66 57 60 24 80 72 67 84 38 29 28 2 45 33 8 6 56 86 54
GreedyNN profit [ 14891.31377198] vertexes:55 96 74 52 69 93 21 87 78 89 48 9 83 37 98 55
GreedyNN profit [ 73814.06591219] vertexes:56 8 6 11 85 26 19 61 59 90 97 31 10 58 20 71 9 89 48 74 96 55 7 0 92 27 66 57 60 24 80 72 67 84 38 29 28 2 45 33 54 82 56
GreedyNN profit [ 10388.75280486] vertexes:57 92 27 66 7 0 48 89 9 83 37 98 57
GreedyNN profit [ 41709.44883633] vertexes:58 20 10 31 90 97 22 61 85 26 11 19 8 6 56 86 24 80 72 67 84 38 29 28 2 45 33 54 82 58
GreedyNN profit [ 34976.36196027] vertexes:59 61 85 26 11 19 8 6 56 86 24 80 72 67 84 38 29 28 2 45 33 54 82 59
GreedyNN profit [ 67749.31827479] vertexes:60 24 80 72 67 84 38 29 28 2 45 33 11 85 26 19 61 59 90 97 31 10 58 20 71 9 89 48 74 96 55 7 0 92 27 66 57 68 39 53 60
GreedyNN profit [ 34725.63357712] vertexes:61 85 26 11 19 8 6 56 86 24 80 72 67 84 38 29 28 2 45 33 54 82 61
GreedyNN profit [ 4668.61917663] vertexes:62 48 89 9 83 37 98 62
GreedyNN profit [ 71341.82775045] vertexes:63 39 72 67 84 38 29 28 2 45 33 11 85 26 19 61 59 90 97 31 10 58 20 71 9 89 48 74 96 55 7 0 92 27 66 57 60 24 80 68 63
GreedyNN profit [ 9513.41628967] vertexes:64 25 69 52 78 89 48 9 83 37 98 64
GreedyNN profit [ 8749.59566679] vertexes:65 69 52 78 89 48 9 83 37 98 65
GreedyNN profit [ 13052.84357941] vertexes:66 27 92 0 7 96 55 79 88 66
GreedyNN profit [ 69387.53029795] vertexes:67 84 38 29 28 2 45 33 11 85 26 19 61 59 90 97 31 10 58 20 71 9 89 48 74 96 55 7 0 92 27 66 57 60 24 80 72 68 39 53 67
GreedyNN profit [ 70411.70239143] vertexes:68 72 67 84 38 29 28 2 45 33 11 85 26 19 61 59 90 97 31 10 58 20 71 9 89 48 74 96 55 7 0 92 27 66 57 60 24 80 39 53 68
GreedyNN profit [ 10651.74221513] vertexes:69 52 78 89 48 9 83 37 98 69
GreedyNN profit [ 69730.60453785] vertexes:70 99 2 28 45 33 11 85 26 19 61 59 90 97 31 10 58 20 71 9 89 48 74 96 55 7 0 92 27 66 57 60 24 80 72 67 84 38 29 4 36 75 94 70
GreedyNN profit [ 43196.52489566] vertexes:71 20 58 10 31 90 97 22 61 85 26 11 19 8 6 56 86 24 80 72 67 84 38 29 28 2 45 33 54 82 71
GreedyNN profit [ 71485.6795461] vertexes:72 67 84 38 29 28 2 45 33 11 85 26 19 61 59 90 97 31 10 58 20 71 9 89 48 74 96 55 7 0 92 27 66 57 60 24 80 68 39 53 72
GreedyNN profit [ 43291.48423477] vertexes:73 58 20 10 31 90 97 22 61 85 26 11 19 8 6 56 86 24 80 72 67 84 38 29 28 2 45 33 54 82 73
GreedyNN profit [ 71457.73785668] vertexes:74 96 55 7 0 92 27 66 57 60 24 80 72 67 84 38 29 28 2 45 33 11 85 26 19 61 59 90 97 31 10 58 20 71 9 89 48 52 69 93 21 87 78 37 98 74
GreedyNN profit [ 14341.47465812] vertexes:75 94 4 36 38 84 67 72 68 39 53 75
GreedyNN profit [ 34107.01186002] vertexes:76 61 85 26 11 19 8 6 56 86 24 80 72 67 84 38 29 28 2 45 33 54 82 76
GreedyNN profit [ 10827.96936117] vertexes:77 4 36 38 84 67 72 68 39 53 77
GreedyNN profit [ 8768.74494047] vertexes:78 52 69 93 21 87 15 78
GreedyNN profit [ 15017.30627841] vertexes:79 55 96 74 52 69 93 21 87 78 89 48 9 83 37 98 79
GreedyNN profit [ 67996.04588629] vertexes:80 24 60 68 72 67 84 38 29 28 2 45 33 11 85 26 19 61 59 90 97 31 10 58 20 71 9 89 48 74 96 55 7 0 92 27 66 57 80
GreedyNN profit [ 16597.36074178] vertexes:81 94 75 4 36 38 84 67 72 68 39 53 81
GreedyNN profit [ 71298.28308836] vertexes:82 11 85 26 19 61 59 90 97 31 10 58 20 71 9 89 48 74 96 55 7 0 92 27 66 57 60 24 80 72 67 84 38 29 28 2 45 33 8 6 56 86 82
GreedyNN profit [ 68120.09368291] vertexes:83 9 89 48 74 96 55 7 0 92 27 66 57 60 24 80 72 67 84 38 29 28 2 45 33 11 85 26 19 61 59 90 97 31 10 58 20 71 73 83
GreedyNN profit [ 9150.75802556] vertexes:84 67 72 68 39 53 84
GreedyNN profit [ 71586.07019843] vertexes:85 26 11 19 61 59 90 97 31 10 58 20 71 9 89 48 74 96 55 7 0 92 27 66 57 60 24 80 72 67 84 38 29 28 2 45 33 8 6 56 86 85
GreedyNN profit [ 73873.8584383] vertexes:86 8 6 11 85 26 19 61 59 90 97 31 10 58 20 71 9 89 48 74 96 55 7 0 92 27 66 57 60 24 80 72 67 84 38 29 28 2 45 33 54 82 56 86
GreedyNN profit [ 13046.17830445] vertexes:87 52 69 93 21 78 89 48 9 83 37 98 87
GreedyNN profit [ 14630.89200411] vertexes:88 79 55 96 74 52 69 93 21 87 78 89 48 9 83 37 98 88
GreedyNN profit [ 6055.24585064] vertexes:89 48 9 83 37 98 89
GreedyNN profit [ 65020.47320679] vertexes:90 97 31 10 58 20 71 9 89 48 74 96 55 7 0 92 27 66 57 60 24 80 72 67 84 38 29 28 2 45 33 11 85 26 19 61 59 34 90
GreedyNN profit [ 67093.50891728] vertexes:91 7 0 92 27 66 57 60 24 80 72 67 84 38 29 28 2 45 33 11 85 26 19 61 59 90 97 31 10 58 20 71 9 89 48 74 96 55 79 88 91
GreedyNN profit [ 66853.4954852] vertexes:92 27 66 57 60 24 80 72 67 84 38 29 28 2 45 33 11 85 26 19 61 59 90 97 31 10 58 20 71 9 89 48 74 96 55 7 0 46 92
GreedyNN profit [ 12819.70787175] vertexes:93 69 52 78 89 48 9 83 37 98 93
GreedyNN profit [ 16122.23463338] vertexes:94 75 4 36 38 84 67 72 68 39 53 94
GreedyNN profit [ 7730.20007368] vertexes:95 38 84 67 72 68 39 53 95
GreedyNN profit [ 70348.18644442] vertexes:96 55 7 0 92 27 66 57 60 24 80 72 67 84 38 29 28 2 45 33 11 85 26 19 61 59 90 97 31 10 58 20 71 9 89 48 74 52 69 93 21 87 78 37 98 96
GreedyNN profit [ 65955.25615874] vertexes:97 90 31 10 58 20 71 9 89 48 74 96 55 7 0 92 27 66 57 60 24 80 72 67 84 38 29 28 2 45 33 11 85 26 19 61 59 34 97
GreedyNN profit [ 68020.53291169] vertexes:98 37 9 89 48 74 96 55 7 0 92 27 66 57 60 24 80 72 67 84 38 29 28 2 45 33 11 85 26 19 61 59 90 97 31 10 58 20 71 73 98
GreedyNN profit [ 70526.88930808] vertexes:99 70 2 28 45 33 11 85 26 19 61 59 90 97 31 10 58 20 71 9 89 48 74 96 55 7 0 92 27 66 57 60 24 80 72 67 84 38 29 4 36 75 94 99
BEST:  profit [ 73999.52456166] vertexes:6 8 56 19 85 26 11 61 59 90 97 31 10 58 20 71 9 89 48 74 96 55 7 0 92 27 66 57 60 24 80 72 67 84 38 29 28 2 45 33 54 82 6
BEST:  profit [ 73999.52456166] coordinates:[2721, 1482] [2716, 1432] [2628, 1479] [2576, 1676] [2597, 1830] [2678, 1825] [2728, 1698] [2290, 1810] [2139, 1806] [1625, 1651] [1724, 1642] [1424, 1728] [1251, 1832] [890, 1846] [928, 1700] [872, 1559] [738, 1325] [742, 1025] [938, 955] [839, 620] [776, 392] [953, 268] [1286, 525] [1380, 939] [1787, 1009] [1795, 962] [1917, 687] [2097, 981] [2421, 1007] [2574, 946] [2599, 901] [2863, 558] [2991, 792] [3113, 885] [3479, 821] [3520, 1079] [3384, 1498] [3510, 1671] [3373, 1646] [3085, 1528] [2945, 1622] [2961, 1605] [2721, 1482]
WORST:  profit [ 3155.16927313] vertexes:23 37 98 23
WORST:  profit [ 4382742.13452084] coordinates:[274, 1420] [298, 1513] [198, 1810] [274, 1420]
MEAN:  profit [ 43827.42134521]
[2721, 2716, 2628, 2576, 2597, 2678, 2728, 2290, 2139, 1625, 1724, 1424, 1251, 890, 928, 872, 738, 742, 938, 839, 776, 953, 1286, 1380, 1787, 1795, 1917, 2097, 2421, 2574, 2599, 2863, 2991, 3113, 3479, 3520, 3384, 3510, 3373, 3085, 2945, 2961, 2721]
[1482, 1432, 1479, 1676, 1830, 1825, 1698, 1810, 1806, 1651, 1642, 1728, 1832, 1846, 1700, 1559, 1325, 1025, 955, 620, 392, 268, 525, 939, 1009, 962, 687, 981, 1007, 946, 901, 558, 792, 885, 821, 1079, 1498, 1671, 1646, 1528, 1622, 1605, 1482]
