0 92 27 57 66 7 41 88 79 55 96 74 18 52 69 21 93 15 87 78 17 23 37 98 35 58 16 14 10 31 44 22 97 90 46 73 20 71 83 9 89 48 5 0
1 72 49 38 29 95 36 4 77 51 47 99 70 13 2 42 45 28 33 82 54 11 26 34 85 61 59 76 19 56 6 8 86 84 67 24 60 80 68 63 39 53 1
2 28 45 42 2
3 96 55 79 88 41 7 66 57 27 92 0 91 74 5 48 89 9 83 71 20 73 46 90 97 22 44 31 10 14 16 58 35 98 37 23 17 78 52 87 15 93 21 69 65 25 64 3
4 36 4
5 48 89 74 91 0 92 27 57 66 7 41 88 79 55 96 3 64 25 65 52 69 21 93 15 87 78 17 23 37 98 35 58 16 14 10 31 44 22 97 90 46 73 20 71 83 9 5
6 8 86 56 19 76 59 61 85 34 26 11 6
7 41 88 79 55 96 74 18 52 69 21 93 15 87 78 17 23 37 98 35 58 16 14 10 31 44 22 97 90 46 73 20 71 83 9 89 48 5 0 92 27 57 66 7
8 6 11 26 34 85 61 59 76 19 56 86 8
9 83 71 20 73 46 90 97 22 44 31 10 14 16 58 35 98 37 23 17 78 87 15 93 21 69 52 65 25 64 3 96 55 79 88 41 7 66 57 27 92 0 91 74 89 48 5 9
10 31 90 97 22 44 14 16 58 73 20 71 83 9 35 98 37 23 17 78 87 15 93 21 69 52 65 25 64 3 96 55 79 74 89 48 5 0 7 66 57 27 92 46 10
11 6 8 86 56 19 76 59 61 85 34 26 11
12 32 75 94 12
13 99 70 2 42 45 28 13
14 16 58 73 20 71 83 9 35 98 37 23 17 78 87 15 93 21 69 52 65 25 64 3 96 55 79 74 89 48 5 0 7 66 57 27 92 46 10 31 90 97 22 44 14
15 93 21 69 52 65 25 64 3 96 55 79 88 41 7 66 57 27 92 0 91 74 89 48 5 9 83 71 20 73 46 90 97 22 44 31 10 14 16 58 35 98 37 23 17 78 87 15
16 58 73 20 71 83 9 35 98 37 23 17 78 87 15 93 21 69 52 65 25 64 3 96 55 79 74 89 48 5 0 7 66 57 27 92 46 10 31 90 97 22 44 14 16
17 93 21 69 15 87 52 65 25 64 3 96 55 79 88 41 7 66 57 27 92 0 91 74 89 48 5 9 83 71 20 73 46 90 97 22 44 31 10 14 16 58 35 98 37 23 78 17
18 52 69 21 93 15 87 78 17 23 37 98 35 58 16 14 10 31 44 22 97 90 46 73 20 71 83 9 89 48 5 74 91 0 92 27 57 66 7 41 88 79 55 96 18
19 76 59 61 85 34 26 11 6 8 86 56 19
20 71 83 9 35 98 37 23 17 78 87 15 93 21 69 52 65 25 64 3 96 55 79 74 89 48 5 0 7 66 57 27 92 46 90 97 22 44 31 10 14 16 58 73 20
21 69 52 65 25 64 3 96 55 79 88 41 7 66 57 27 92 0 91 74 89 48 5 9 83 71 20 73 46 90 97 22 44 31 10 14 16 58 35 98 37 23 17 78 87 15 93 21
22 44 14 16 58 73 20 71 83 9 35 98 37 23 17 78 87 15 93 21 69 52 65 25 64 3 96 55 79 74 89 48 5 0 7 66 57 27 92 46 10 31 90 97 22
23 37 98 23
24 80 84 86 8 6 56 19 76 59 61 85 34 26 11 54 82 33 28 45 42 2 13 70 99 47 51 77 4 36 95 29 38 67 49 72 63 53 39 68 60 24
25 64 65 3 96 55 79 88 41 7 66 57 27 92 0 91 74 5 48 89 9 83 71 20 73 46 90 97 22 44 31 10 14 16 58 35 98 37 23 17 52 78 87 15 93 21 69 25
26 34 85 61 59 76 19 56 86 8 6 11 26
27 92 57 66 27
28 2 42 45 28
29 38 49 72 63 53 39 68 80 60 24 67 84 86 8 6 56 19 76 59 61 85 34 26 11 54 82 33 28 45 42 2 13 70 99 47 51 77 4 36 95 29
30 79 88 41 7 66 57 27 92 0 5 48 89 9 83 71 20 73 46 90 97 22 44 31 10 14 16 58 35 98 37 23 17 78 87 15 93 21 69 52 18 74 96 55 30
31 10 46 92 27 57 66 7 0 5 48 89 74 79 55 96 3 64 25 65 52 69 21 93 15 87 78 17 23 37 98 35 9 83 71 20 73 58 16 14 44 22 97 90 31
32 75 94 12 32
33 28 2 42 45 33
34 85 61 59 76 19 56 86 8 6 11 26 34
35 98 37 35
36 4 36
37 98 37
38 29 95 36 4 77 51 47 99 70 13 2 42 45 28 33 82 54 11 26 34 85 61 59 76 19 56 6 8 86 84 67 24 60 80 68 39 53 63 72 49 38
39 53 63 72 49 38 29 95 36 4 77 51 47 99 70 13 2 42 45 28 33 82 54 11 26 34 85 61 59 76 19 56 6 8 86 84 67 24 60 80 68 39
40 70 99 13 28 45 42 2 40
41 7 66 57 27 92 0 5 48 89 9 83 71 20 73 46 90 97 22 44 31 10 14 16 58 35 98 37 23 17 78 87 15 93 21 69 52 18 74 96 55 79 88 41
42 2 28 45 42
43 72 63 53 39 68 80 60 24 67 84 86 8 6 56 19 76 59 61 85 34 26 11 54 82 33 28 45 42 2 13 70 99 47 51 77 4 36 95 29 38 49 43
44 14 16 58 73 20 71 83 9 35 98 37 23 17 78 87 15 93 21 69 52 65 25 64 3 96 55 79 74 89 48 5 0 7 66 57 27 92 46 10 31 90 97 22 44
45 42 2 28 45
46 92 27 57 66 7 0 5 48 89 74 79 55 96 3 64 25 65 52 69 21 93 15 87 78 17 23 37 98 35 9 83 71 20 73 58 16 14 10 31 90 22 97 46
47 99 70 13 2 42 45 28 29 84 67 24 60 80 68 39 53 63 72 49 38 36 4 95 77 51 47
48 89 74 91 0 92 27 57 66 7 41 88 79 55 96 3 64 25 65 52 69 21 93 15 87 78 17 23 37 98 35 58 16 14 10 31 44 22 97 90 46 73 20 71 83 9 5 48
49 72 63 53 39 68 80 60 24 67 84 86 8 6 56 19 76 59 61 85 34 26 11 54 82 33 28 45 42 2 13 70 99 47 51 77 4 36 95 29 38 49
50 60 68 39 53 63 72 49 67 38 29 95 36 4 77 51 47 99 70 13 2 42 45 28 33 84 80 24 8 6 11 26 34 85 61 59 76 19 56 86 50
51 77 4 36 38 49 72 63 53 39 68 80 60 24 67 84 86 8 6 56 19 76 59 61 85 34 26 11 54 82 33 28 45 42 2 13 70 99 47 29 95 51
52 69 21 93 15 87 78 17 23 37 98 35 58 16 14 10 31 44 22 97 90 46 73 20 71 83 9 5 48 89 74 91 0 92 27 57 66 7 41 88 79 55 96 3 64 25 65 52
53 39 53
54 11 26 34 85 61 59 76 19 56 86 8 6 33 28 2 42 45 82 54
55 96 74 18 52 69 21 93 15 87 78 17 23 37 98 35 58 16 14 10 31 44 22 97 90 46 73 20 71 83 9 89 48 5 0 92 27 57 66 7 41 88 79 55
56 86 8 6 11 26 34 85 61 59 76 19 56
57 92 27 66 57
58 16 14 10 31 44 22 97 90 46 92 27 57 66 7 0 5 48 89 74 79 55 96 3 64 25 65 52 69 21 93 15 87 78 17 23 37 98 35 9 83 71 20 73 58
59 61 34 85 26 11 6 8 86 56 19 76 59
60 24 80 84 86 8 6 56 19 76 59 61 85 34 26 11 54 82 33 28 45 42 2 13 70 99 47 51 77 4 36 95 29 38 67 49 72 63 53 39 68 60
61 59 34 85 26 11 6 8 86 56 19 61
62 0 92 27 57 66 7 41 88 79 55 96 74 5 48 89 52 69 21 93 15 87 78 17 23 37 98 35 83 9 71 58 73 20 10 31 90 22 97 46 62
63 72 49 38 29 95 36 4 77 51 47 99 70 13 2 42 45 28 33 82 54 11 26 34 85 61 59 76 19 56 6 8 86 84 67 24 60 80 68 39 53 63
64 25 69 21 93 15 87 78 52 17 23 37 98 35 58 16 14 10 31 44 22 97 90 46 73 20 71 83 9 89 48 5 74 91 0 92 27 57 66 7 41 88 79 55 96 3 65 64
65 69 21 93 15 87 52 78 17 23 37 98 35 58 16 14 10 31 44 22 97 90 46 73 20 71 83 9 89 48 5 74 91 0 92 27 57 66 7 41 88 79 55 96 3 64 25 65
66 27 92 57 66
67 84 86 8 6 56 19 76 59 61 85 34 26 11 54 82 33 28 45 42 2 13 70 99 47 51 77 4 36 95 29 38 49 72 63 53 39 68 80 60 24 67
68 39 53 63 72 49 38 29 95 36 4 77 51 47 99 70 13 2 42 45 28 33 82 54 11 26 34 85 61 59 76 19 56 6 8 86 84 67 24 60 80 68
69 52 65 25 64 3 96 55 79 88 41 7 66 57 27 92 0 91 74 89 48 5 9 83 71 20 73 46 90 97 22 44 31 10 14 16 58 35 98 37 23 17 78 87 15 93 21 69
70 99 13 28 45 42 2 70
71 20 73 58 16 14 10 31 44 22 97 90 46 92 27 57 66 7 0 5 48 89 74 79 55 96 3 64 25 65 52 69 21 93 15 87 78 17 23 37 98 35 9 83 71
72 63 53 39 68 80 60 24 67 84 86 8 6 56 19 76 59 61 85 34 26 11 54 82 33 28 45 42 2 13 70 99 47 51 77 4 36 95 29 38 49 72
73 58 16 14 10 31 44 22 97 90 46 92 27 57 66 7 0 5 48 89 74 79 55 96 3 64 25 65 52 69 21 93 15 87 78 17 23 37 98 35 9 83 71 20 73
74 96 55 79 88 41 7 66 57 27 92 0 5 48 89 9 83 71 20 73 46 90 97 22 44 31 10 14 16 58 35 98 37 23 17 78 87 15 93 21 69 52 18 74
75 94 12 32 75
76 22 97 90 31 10 14 16 58 73 20 71 83 9 35 98 37 23 17 78 87 15 93 21 69 52 65 25 64 3 96 55 79 88 41 7 74 89 48 5 62 46 0 92 27 66 57 60 68 39 53 63 72 49 67 38 29 95 36 4 77 51 47 99 70 13 2 42 45 28 33 84 80 24 86 56 8 6 19 11 26 85 34 61 59 76
77 51 4 36 38 49 72 63 53 39 68 80 60 24 67 84 86 8 6 56 19 76 59 61 85 34 26 11 54 82 33 28 45 42 2 13 70 99 47 29 95 77
78 17 23 37 98 35 58 16 14 10 31 44 22 97 90 46 73 20 71 83 9 5 48 89 74 91 0 92 27 57 66 7 41 88 79 55 96 3 64 25 65 52 69 21 93 15 87 78
79 55 96 74 18 52 69 21 93 15 87 78 17 23 37 98 35 58 16 14 10 31 44 22 97 90 46 73 20 71 83 9 89 48 5 0 92 27 57 66 7 41 88 79
80 24 60 68 39 53 63 72 49 67 38 29 95 36 4 77 51 47 99 70 13 2 42 45 28 33 82 54 11 26 34 85 61 59 76 19 56 6 8 86 84 80
81 94 75 32 12 81
82 54 11 26 34 85 61 59 76 19 56 86 8 6 33 28 2 42 45 82
83 9 5 48 89 74 91 0 92 27 57 66 7 41 88 79 55 96 3 64 25 65 52 69 21 93 15 87 78 17 23 37 98 35 58 16 14 10 31 44 22 97 90 46 73 20 71 83
84 67 24 60 80 68 39 53 63 72 49 38 29 95 36 4 77 51 47 99 70 13 2 42 45 28 33 82 54 11 26 34 85 61 59 76 19 56 6 8 86 84
85 34 26 11 6 8 86 56 19 76 59 61 85
86 8 6 11 26 34 85 61 59 76 19 56 86
87 78 17 23 37 98 35 58 16 14 10 31 44 22 97 90 46 73 20 71 83 9 5 48 89 74 91 0 92 27 57 66 7 41 88 79 55 96 3 64 25 65 52 69 21 93 15 87
88 79 55 96 74 18 52 69 21 93 15 87 78 17 23 37 98 35 58 16 14 10 31 44 22 97 90 46 73 20 71 83 9 89 48 5 0 92 27 57 66 7 41 88
89 48 5 9 83 71 20 73 46 90 97 22 44 31 10 14 16 58 35 98 37 23 17 78 87 15 93 21 69 52 65 25 64 3 96 55 79 88 41 7 66 57 27 92 0 91 74 89
90 97 22 44 14 16 58 73 20 71 83 9 35 98 37 23 17 78 87 15 93 21 69 52 65 25 64 3 96 55 79 74 89 48 5 0 7 66 57 27 92 46 10 31 90
91 7 66 57 27 92 0 5 48 89 9 83 71 20 73 46 90 97 22 44 31 10 14 16 58 35 98 37 23 17 78 87 15 93 21 69 52 18 74 96 55 79 88 41 91
92 27 66 57 92
93 21 69 52 65 25 64 3 96 55 79 88 41 7 66 57 27 92 0 91 74 89 48 5 9 83 71 20 73 46 90 97 22 44 31 10 14 16 58 35 98 37 23 17 78 87 15 93
94 75 32 12 94
95 29 47 99 70 13 2 42 45 28 33 82 54 11 26 34 85 61 59 76 19 56 6 8 86 84 67 24 60 80 68 39 53 63 72 49 38 36 4 51 77 95
96 55 79 88 41 7 66 57 27 92 0 5 48 89 9 83 71 20 73 46 90 97 22 44 31 10 14 16 58 35 98 37 23 17 78 87 15 93 21 69 52 18 74 96
97 90 31 10 46 92 27 57 66 7 0 5 48 89 74 79 55 96 3 64 25 65 52 69 21 93 15 87 78 17 23 37 98 35 9 83 71 20 73 58 16 14 44 22 97
98 37 98
99 70 2 42 45 28 13 99
