GreedyCycle profit [ 50272.92946725] vertexes:0 92 27 57 66 7 41 88 79 55 96 74 18 52 69 21 93 15 87 78 17 23 37 98 35 58 16 14 10 31 44 22 97 90 46 73 20 71 83 9 89 48 5 0
GreedyCycle profit [ 47572.85259673] vertexes:1 72 49 38 29 95 36 4 77 51 47 99 70 13 2 42 45 28 33 82 54 11 26 34 85 61 59 76 19 56 6 8 86 84 67 24 60 80 68 63 39 53 1
GreedyCycle profit [ 7621.10734759] vertexes:2 28 45 42 2
GreedyCycle profit [ 52878.54583334] vertexes:3 96 55 79 88 41 7 66 57 27 92 0 91 74 5 48 89 9 83 71 20 73 46 90 97 22 44 31 10 14 16 58 35 98 37 23 17 78 52 87 15 93 21 69 65 25 64 3
GreedyCycle profit [ 5212.68504277] vertexes:4 36 4
GreedyCycle profit [ 50505.20454268] vertexes:5 48 89 74 91 0 92 27 57 66 7 41 88 79 55 96 3 64 25 65 52 69 21 93 15 87 78 17 23 37 98 35 58 16 14 10 31 44 22 97 90 46 73 20 71 83 9 5
GreedyCycle profit [ 16130.67193518] vertexes:6 8 86 56 19 76 59 61 85 34 26 11 6
GreedyCycle profit [ 50272.92946725] vertexes:7 41 88 79 55 96 74 18 52 69 21 93 15 87 78 17 23 37 98 35 58 16 14 10 31 44 22 97 90 46 73 20 71 83 9 89 48 5 0 92 27 57 66 7
GreedyCycle profit [ 16130.67193518] vertexes:8 6 11 26 34 85 61 59 76 19 56 86 8
GreedyCycle profit [ 50505.20454268] vertexes:9 83 71 20 73 46 90 97 22 44 31 10 14 16 58 35 98 37 23 17 78 87 15 93 21 69 52 65 25 64 3 96 55 79 88 41 7 66 57 27 92 0 91 74 89 48 5 9
GreedyCycle profit [ 49950.23644498] vertexes:10 31 90 97 22 44 14 16 58 73 20 71 83 9 35 98 37 23 17 78 87 15 93 21 69 52 65 25 64 3 96 55 79 74 89 48 5 0 7 66 57 27 92 46 10
GreedyCycle profit [ 16130.67193518] vertexes:11 6 8 86 56 19 76 59 61 85 34 26 11
GreedyCycle profit [ 4438.56235673] vertexes:12 32 75 94 12
GreedyCycle profit [ 9872.97508304] vertexes:13 99 70 2 42 45 28 13
GreedyCycle profit [ 49950.23644498] vertexes:14 16 58 73 20 71 83 9 35 98 37 23 17 78 87 15 93 21 69 52 65 25 64 3 96 55 79 74 89 48 5 0 7 66 57 27 92 46 10 31 90 97 22 44 14
GreedyCycle profit [ 50505.20454268] vertexes:15 93 21 69 52 65 25 64 3 96 55 79 88 41 7 66 57 27 92 0 91 74 89 48 5 9 83 71 20 73 46 90 97 22 44 31 10 14 16 58 35 98 37 23 17 78 87 15
GreedyCycle profit [ 49950.23644498] vertexes:16 58 73 20 71 83 9 35 98 37 23 17 78 87 15 93 21 69 52 65 25 64 3 96 55 79 74 89 48 5 0 7 66 57 27 92 46 10 31 90 97 22 44 14 16
GreedyCycle profit [ 49586.26643089] vertexes:17 93 21 69 15 87 52 65 25 64 3 96 55 79 88 41 7 66 57 27 92 0 91 74 89 48 5 9 83 71 20 73 46 90 97 22 44 31 10 14 16 58 35 98 37 23 78 17
GreedyCycle profit [ 48151.72749459] vertexes:18 52 69 21 93 15 87 78 17 23 37 98 35 58 16 14 10 31 44 22 97 90 46 73 20 71 83 9 89 48 5 74 91 0 92 27 57 66 7 41 88 79 55 96 18
GreedyCycle profit [ 16130.67193518] vertexes:19 76 59 61 85 34 26 11 6 8 86 56 19
GreedyCycle profit [ 51904.81357007] vertexes:20 71 83 9 35 98 37 23 17 78 87 15 93 21 69 52 65 25 64 3 96 55 79 74 89 48 5 0 7 66 57 27 92 46 90 97 22 44 31 10 14 16 58 73 20
GreedyCycle profit [ 50505.20454268] vertexes:21 69 52 65 25 64 3 96 55 79 88 41 7 66 57 27 92 0 91 74 89 48 5 9 83 71 20 73 46 90 97 22 44 31 10 14 16 58 35 98 37 23 17 78 87 15 93 21
GreedyCycle profit [ 49950.23644498] vertexes:22 44 14 16 58 73 20 71 83 9 35 98 37 23 17 78 87 15 93 21 69 52 65 25 64 3 96 55 79 74 89 48 5 0 7 66 57 27 92 46 10 31 90 97 22
GreedyCycle profit [ 3155.16927313] vertexes:23 37 98 23
GreedyCycle profit [ 47632.78988836] vertexes:24 80 84 86 8 6 56 19 76 59 61 85 34 26 11 54 82 33 28 45 42 2 13 70 99 47 51 77 4 36 95 29 38 67 49 72 63 53 39 68 60 24
GreedyCycle profit [ 51065.98711564] vertexes:25 64 65 3 96 55 79 88 41 7 66 57 27 92 0 91 74 5 48 89 9 83 71 20 73 46 90 97 22 44 31 10 14 16 58 35 98 37 23 17 52 78 87 15 93 21 69 25
GreedyCycle profit [ 16130.67193518] vertexes:26 34 85 61 59 76 19 56 86 8 6 11 26
GreedyCycle profit [ 8536.44473638] vertexes:27 92 57 66 27
GreedyCycle profit [ 7621.10734759] vertexes:28 2 42 45 28
GreedyCycle profit [ 48270.08176147] vertexes:29 38 49 72 63 53 39 68 80 60 24 67 84 86 8 6 56 19 76 59 61 85 34 26 11 54 82 33 28 45 42 2 13 70 99 47 51 77 4 36 95 29
GreedyCycle profit [ 49477.11060058] vertexes:30 79 88 41 7 66 57 27 92 0 5 48 89 9 83 71 20 73 46 90 97 22 44 31 10 14 16 58 35 98 37 23 17 78 87 15 93 21 69 52 18 74 96 55 30
GreedyCycle profit [ 49950.23644498] vertexes:31 10 46 92 27 57 66 7 0 5 48 89 74 79 55 96 3 64 25 65 52 69 21 93 15 87 78 17 23 37 98 35 9 83 71 20 73 58 16 14 44 22 97 90 31
GreedyCycle profit [ 4438.56235673] vertexes:32 75 94 12 32
GreedyCycle profit [ 7616.4609886] vertexes:33 28 2 42 45 33
GreedyCycle profit [ 16130.67193518] vertexes:34 85 61 59 76 19 56 86 8 6 11 26 34
GreedyCycle profit [ 2520.75006168] vertexes:35 98 37 35
GreedyCycle profit [ 5212.68504277] vertexes:36 4 36
GreedyCycle profit [ 3211.16847932] vertexes:37 98 37
GreedyCycle profit [ 48270.08176147] vertexes:38 29 95 36 4 77 51 47 99 70 13 2 42 45 28 33 82 54 11 26 34 85 61 59 76 19 56 6 8 86 84 67 24 60 80 68 39 53 63 72 49 38
GreedyCycle profit [ 48270.08176147] vertexes:39 53 63 72 49 38 29 95 36 4 77 51 47 99 70 13 2 42 45 28 33 82 54 11 26 34 85 61 59 76 19 56 6 8 86 84 67 24 60 80 68 39
GreedyCycle profit [ 9381.6640412] vertexes:40 70 99 13 28 45 42 2 40
GreedyCycle profit [ 50272.92946725] vertexes:41 7 66 57 27 92 0 5 48 89 9 83 71 20 73 46 90 97 22 44 31 10 14 16 58 35 98 37 23 17 78 87 15 93 21 69 52 18 74 96 55 79 88 41
GreedyCycle profit [ 7621.10734759] vertexes:42 2 28 45 42
GreedyCycle profit [ 47257.70391485] vertexes:43 72 63 53 39 68 80 60 24 67 84 86 8 6 56 19 76 59 61 85 34 26 11 54 82 33 28 45 42 2 13 70 99 47 51 77 4 36 95 29 38 49 43
GreedyCycle profit [ 49950.23644498] vertexes:44 14 16 58 73 20 71 83 9 35 98 37 23 17 78 87 15 93 21 69 52 65 25 64 3 96 55 79 74 89 48 5 0 7 66 57 27 92 46 10 31 90 97 22 44
GreedyCycle profit [ 7621.10734759] vertexes:45 42 2 28 45
GreedyCycle profit [ 51839.94463045] vertexes:46 92 27 57 66 7 0 5 48 89 74 79 55 96 3 64 25 65 52 69 21 93 15 87 78 17 23 37 98 35 9 83 71 20 73 58 16 14 10 31 90 22 97 46
GreedyCycle profit [ 29916.1824921] vertexes:47 99 70 13 2 42 45 28 29 84 67 24 60 80 68 39 53 63 72 49 38 36 4 95 77 51 47
GreedyCycle profit [ 50505.20454268] vertexes:48 89 74 91 0 92 27 57 66 7 41 88 79 55 96 3 64 25 65 52 69 21 93 15 87 78 17 23 37 98 35 58 16 14 10 31 44 22 97 90 46 73 20 71 83 9 5 48
GreedyCycle profit [ 48270.08176147] vertexes:49 72 63 53 39 68 80 60 24 67 84 86 8 6 56 19 76 59 61 85 34 26 11 54 82 33 28 45 42 2 13 70 99 47 51 77 4 36 95 29 38 49
GreedyCycle profit [ 43352.25387283] vertexes:50 60 68 39 53 63 72 49 67 38 29 95 36 4 77 51 47 99 70 13 2 42 45 28 33 84 80 24 8 6 11 26 34 85 61 59 76 19 56 86 50
GreedyCycle profit [ 48154.26971028] vertexes:51 77 4 36 38 49 72 63 53 39 68 80 60 24 67 84 86 8 6 56 19 76 59 61 85 34 26 11 54 82 33 28 45 42 2 13 70 99 47 29 95 51
GreedyCycle profit [ 50505.20454268] vertexes:52 69 21 93 15 87 78 17 23 37 98 35 58 16 14 10 31 44 22 97 90 46 73 20 71 83 9 5 48 89 74 91 0 92 27 57 66 7 41 88 79 55 96 3 64 25 65 52
GreedyCycle profit [ 4477.14286699] vertexes:53 39 53
GreedyCycle profit [ 23588.88493518] vertexes:54 11 26 34 85 61 59 76 19 56 86 8 6 33 28 2 42 45 82 54
GreedyCycle profit [ 50272.92946725] vertexes:55 96 74 18 52 69 21 93 15 87 78 17 23 37 98 35 58 16 14 10 31 44 22 97 90 46 73 20 71 83 9 89 48 5 0 92 27 57 66 7 41 88 79 55
GreedyCycle profit [ 16130.67193518] vertexes:56 86 8 6 11 26 34 85 61 59 76 19 56
GreedyCycle profit [ 8536.44473638] vertexes:57 92 27 66 57
GreedyCycle profit [ 51904.81357007] vertexes:58 16 14 10 31 44 22 97 90 46 92 27 57 66 7 0 5 48 89 74 79 55 96 3 64 25 65 52 69 21 93 15 87 78 17 23 37 98 35 9 83 71 20 73 58
GreedyCycle profit [ 16531.19847229] vertexes:59 61 34 85 26 11 6 8 86 56 19 76 59
GreedyCycle profit [ 47632.78988836] vertexes:60 24 80 84 86 8 6 56 19 76 59 61 85 34 26 11 54 82 33 28 45 42 2 13 70 99 47 51 77 4 36 95 29 38 67 49 72 63 53 39 68 60
GreedyCycle profit [ 16326.48102901] vertexes:61 59 34 85 26 11 6 8 86 56 19 61
GreedyCycle profit [ 51094.26780674] vertexes:62 0 92 27 57 66 7 41 88 79 55 96 74 5 48 89 52 69 21 93 15 87 78 17 23 37 98 35 83 9 71 58 73 20 10 31 90 22 97 46 62
GreedyCycle profit [ 48270.08176147] vertexes:63 72 49 38 29 95 36 4 77 51 47 99 70 13 2 42 45 28 33 82 54 11 26 34 85 61 59 76 19 56 6 8 86 84 67 24 60 80 68 39 53 63
GreedyCycle profit [ 51065.98711564] vertexes:64 25 69 21 93 15 87 78 52 17 23 37 98 35 58 16 14 10 31 44 22 97 90 46 73 20 71 83 9 89 48 5 74 91 0 92 27 57 66 7 41 88 79 55 96 3 65 64
GreedyCycle profit [ 52878.54583334] vertexes:65 69 21 93 15 87 52 78 17 23 37 98 35 58 16 14 10 31 44 22 97 90 46 73 20 71 83 9 89 48 5 74 91 0 92 27 57 66 7 41 88 79 55 96 3 64 25 65
GreedyCycle profit [ 8536.44473638] vertexes:66 27 92 57 66
GreedyCycle profit [ 48270.08176147] vertexes:67 84 86 8 6 56 19 76 59 61 85 34 26 11 54 82 33 28 45 42 2 13 70 99 47 51 77 4 36 95 29 38 49 72 63 53 39 68 80 60 24 67
GreedyCycle profit [ 48270.08176147] vertexes:68 39 53 63 72 49 38 29 95 36 4 77 51 47 99 70 13 2 42 45 28 33 82 54 11 26 34 85 61 59 76 19 56 6 8 86 84 67 24 60 80 68
GreedyCycle profit [ 50505.20454268] vertexes:69 52 65 25 64 3 96 55 79 88 41 7 66 57 27 92 0 91 74 89 48 5 9 83 71 20 73 46 90 97 22 44 31 10 14 16 58 35 98 37 23 17 78 87 15 93 21 69
GreedyCycle profit [ 9872.97508304] vertexes:70 99 13 28 45 42 2 70
GreedyCycle profit [ 51904.81357007] vertexes:71 20 73 58 16 14 10 31 44 22 97 90 46 92 27 57 66 7 0 5 48 89 74 79 55 96 3 64 25 65 52 69 21 93 15 87 78 17 23 37 98 35 9 83 71
GreedyCycle profit [ 48270.08176147] vertexes:72 63 53 39 68 80 60 24 67 84 86 8 6 56 19 76 59 61 85 34 26 11 54 82 33 28 45 42 2 13 70 99 47 51 77 4 36 95 29 38 49 72
GreedyCycle profit [ 51904.81357007] vertexes:73 58 16 14 10 31 44 22 97 90 46 92 27 57 66 7 0 5 48 89 74 79 55 96 3 64 25 65 52 69 21 93 15 87 78 17 23 37 98 35 9 83 71 20 73
GreedyCycle profit [ 50272.92946725] vertexes:74 96 55 79 88 41 7 66 57 27 92 0 5 48 89 9 83 71 20 73 46 90 97 22 44 31 10 14 16 58 35 98 37 23 17 78 87 15 93 21 69 52 18 74
GreedyCycle profit [ 4438.56235673] vertexes:75 94 12 32 75
GreedyCycle profit [ 101379.49422033] vertexes:76 22 97 90 31 10 14 16 58 73 20 71 83 9 35 98 37 23 17 78 87 15 93 21 69 52 65 25 64 3 96 55 79 88 41 7 74 89 48 5 62 46 0 92 27 66 57 60 68 39 53 63 72 49 67 38 29 95 36 4 77 51 47 99 70 13 2 42 45 28 33 84 80 24 86 56 8 6 19 11 26 85 34 61 59 76
GreedyCycle profit [ 48259.29305835] vertexes:77 51 4 36 38 49 72 63 53 39 68 80 60 24 67 84 86 8 6 56 19 76 59 61 85 34 26 11 54 82 33 28 45 42 2 13 70 99 47 29 95 77
GreedyCycle profit [ 50505.20454268] vertexes:78 17 23 37 98 35 58 16 14 10 31 44 22 97 90 46 73 20 71 83 9 5 48 89 74 91 0 92 27 57 66 7 41 88 79 55 96 3 64 25 65 52 69 21 93 15 87 78
GreedyCycle profit [ 50272.92946725] vertexes:79 55 96 74 18 52 69 21 93 15 87 78 17 23 37 98 35 58 16 14 10 31 44 22 97 90 46 73 20 71 83 9 89 48 5 0 92 27 57 66 7 41 88 79
GreedyCycle profit [ 47632.78988836] vertexes:80 24 60 68 39 53 63 72 49 67 38 29 95 36 4 77 51 47 99 70 13 2 42 45 28 33 82 54 11 26 34 85 61 59 76 19 56 6 8 86 84 80
GreedyCycle profit [ 2853.99593206] vertexes:81 94 75 32 12 81
GreedyCycle profit [ 23588.88493518] vertexes:82 54 11 26 34 85 61 59 76 19 56 86 8 6 33 28 2 42 45 82
GreedyCycle profit [ 50505.20454268] vertexes:83 9 5 48 89 74 91 0 92 27 57 66 7 41 88 79 55 96 3 64 25 65 52 69 21 93 15 87 78 17 23 37 98 35 58 16 14 10 31 44 22 97 90 46 73 20 71 83
GreedyCycle profit [ 48270.08176147] vertexes:84 67 24 60 80 68 39 53 63 72 49 38 29 95 36 4 77 51 47 99 70 13 2 42 45 28 33 82 54 11 26 34 85 61 59 76 19 56 6 8 86 84
GreedyCycle profit [ 16130.67193518] vertexes:85 34 26 11 6 8 86 56 19 76 59 61 85
GreedyCycle profit [ 16130.67193518] vertexes:86 8 6 11 26 34 85 61 59 76 19 56 86
GreedyCycle profit [ 50505.20454268] vertexes:87 78 17 23 37 98 35 58 16 14 10 31 44 22 97 90 46 73 20 71 83 9 5 48 89 74 91 0 92 27 57 66 7 41 88 79 55 96 3 64 25 65 52 69 21 93 15 87
GreedyCycle profit [ 50272.92946725] vertexes:88 79 55 96 74 18 52 69 21 93 15 87 78 17 23 37 98 35 58 16 14 10 31 44 22 97 90 46 73 20 71 83 9 89 48 5 0 92 27 57 66 7 41 88
GreedyCycle profit [ 50505.20454268] vertexes:89 48 5 9 83 71 20 73 46 90 97 22 44 31 10 14 16 58 35 98 37 23 17 78 87 15 93 21 69 52 65 25 64 3 96 55 79 88 41 7 66 57 27 92 0 91 74 89
GreedyCycle profit [ 49950.23644498] vertexes:90 97 22 44 14 16 58 73 20 71 83 9 35 98 37 23 17 78 87 15 93 21 69 52 65 25 64 3 96 55 79 74 89 48 5 0 7 66 57 27 92 46 10 31 90
GreedyCycle profit [ 48591.38065994] vertexes:91 7 66 57 27 92 0 5 48 89 9 83 71 20 73 46 90 97 22 44 31 10 14 16 58 35 98 37 23 17 78 87 15 93 21 69 52 18 74 96 55 79 88 41 91
GreedyCycle profit [ 8536.44473638] vertexes:92 27 66 57 92
GreedyCycle profit [ 50505.20454268] vertexes:93 21 69 52 65 25 64 3 96 55 79 88 41 7 66 57 27 92 0 91 74 89 48 5 9 83 71 20 73 46 90 97 22 44 31 10 14 16 58 35 98 37 23 17 78 87 15 93
GreedyCycle profit [ 4438.56235673] vertexes:94 75 32 12 94
GreedyCycle profit [ 48259.29305835] vertexes:95 29 47 99 70 13 2 42 45 28 33 82 54 11 26 34 85 61 59 76 19 56 6 8 86 84 67 24 60 80 68 39 53 63 72 49 38 36 4 51 77 95
GreedyCycle profit [ 50272.92946725] vertexes:96 55 79 88 41 7 66 57 27 92 0 5 48 89 9 83 71 20 73 46 90 97 22 44 31 10 14 16 58 35 98 37 23 17 78 87 15 93 21 69 52 18 74 96
GreedyCycle profit [ 49950.23644498] vertexes:97 90 31 10 46 92 27 57 66 7 0 5 48 89 74 79 55 96 3 64 25 65 52 69 21 93 15 87 78 17 23 37 98 35 9 83 71 20 73 58 16 14 44 22 97
GreedyCycle profit [ 3211.16847932] vertexes:98 37 98
GreedyCycle profit [ 9872.97508304] vertexes:99 70 2 42 45 28 13 99
BEST:  profit [ 101379.49422033] vertexes:76 22 97 90 31 10 14 16 58 73 20 71 83 9 35 98 37 23 17 78 87 15 93 21 69 52 65 25 64 3 96 55 79 88 41 7 74 89 48 5 62 46 0 92 27 66 57 60 68 39 53 63 72 49 67 38 29 95 36 4 77 51 47 99 70 13 2 42 45 28 33 84 80 24 86 56 8 6 19 11 26 85 34 61 59 76
BEST:  profit [ 101379.49422033] coordinates:[2178, 1619] [1807, 1711] [1724, 1642] [1625, 1651] [1424, 1728] [1251, 1832] [1247, 1945] [1234, 1946] [890, 1846] [929, 1766] [928, 1700] [872, 1559] [611, 1384] [738, 1325] [463, 1670] [198, 1810] [298, 1513] [274, 1420] [252, 1240] [378, 1048] [161, 906] [123, 862] [22, 987] [53, 857] [19, 674] [376, 825] [241, 341] [178, 24] [327, 265] [457, 334] [776, 392] [953, 268] [1178, 100] [1429, 134] [1323, 280] [1286, 525] [839, 620] [742, 1025] [938, 955] [984, 965] [1115, 1052] [1393, 1368] [1380, 939] [1787, 1009] [1795, 962] [1917, 687] [2097, 981] [2421, 1007] [2573, 599] [2542, 236] [2519, 135] [2588, 302] [2863, 558] [3022, 474] [2991, 792] [3479, 821] [3520, 1079] [3756, 882] [3875, 598] [3888, 666] [3822, 899] [3854, 923] [3874, 1318] [3950, 1558] [3911, 1673] [3683, 1533] [3510, 1671] [3447, 1830] [3373, 1646] [3384, 1498] [3085, 1528] [3113, 885] [2599, 901] [2574, 946] [2586, 1286] [2628, 1479] [2716, 1432] [2721, 1482] [2576, 1676] [2728, 1698] [2678, 1825] [2597, 1830] [2573, 1969] [2290, 1810] [2139, 1806] [2178, 1619]
WORST:  profit [ 2520.75006168] vertexes:35 98 37 35
MEAN:  profit [ 34903.9916815]
[2178, 1807, 1724, 1625, 1424, 1251, 1247, 1234, 890, 929, 928, 872, 611, 738, 463, 198, 298, 274, 252, 378, 161, 123, 22, 53, 19, 376, 241, 178, 327, 457, 776, 953, 1178, 1429, 1323, 1286, 839, 742, 938, 984, 1115, 1393, 1380, 1787, 1795, 1917, 2097, 2421, 2573, 2542, 2519, 2588, 2863, 3022, 2991, 3479, 3520, 3756, 3875, 3888, 3822, 3854, 3874, 3950, 3911, 3683, 3510, 3447, 3373, 3384, 3085, 3113, 2599, 2574, 2586, 2628, 2716, 2721, 2576, 2728, 2678, 2597, 2573, 2290, 2139, 2178]
[1619, 1711, 1642, 1651, 1728, 1832, 1945, 1946, 1846, 1766, 1700, 1559, 1384, 1325, 1670, 1810, 1513, 1420, 1240, 1048, 906, 862, 987, 857, 674, 825, 341, 24, 265, 334, 392, 268, 100, 134, 280, 525, 620, 1025, 955, 965, 1052, 1368, 939, 1009, 962, 687, 981, 1007, 599, 236, 135, 302, 558, 474, 792, 821, 1079, 882, 598, 666, 899, 923, 1318, 1558, 1673, 1533, 1671, 1830, 1646, 1498, 1528, 885, 901, 946, 1286, 1479, 1432, 1482, 1676, 1698, 1825, 1830, 1969, 1810, 1806, 1619]
