0 61 3 29 56 98 66 34 43 95 25 12 4 2 5 96 57 70 45 24 35 19 49 97 63 46 50 79 48 90 7 68 33 26 71 55 84 78 47 60 21 36 10 77 59 58 92 23 65 11 41 1 74 22 88 94 86 93 39 42 62 91 20 54 76 9 69 14 8 30 40 87 81 51 38 72 32 73 52 75 16 6 80 83 0
1 90 76 78 95 2 0 7 12 58 32 56 10 29 51 28 63 86 43 31 80 70 6 68 73 15 14 55 62 25 35 79 83 69 60 11 48 47 44 3 59 77 18 52 9 37 33 74 24 64 46 53 39 89 94 17 67 8 75 49 54 23 22 81 40 97 98 30 93 87 16 5 65 19 41 96 66 38 61 26 99 1
2 61 5 90 8 15 58 16 81 70 48 38 94 20 31 88 62 54 28 43 95 98 93 50 27 49 30 85 13 41 77 46 18 72 83 68 34 60 52 57 59 22 66 47 2
3 87 4 58 28 55 24 13 42 22 97 40 59 54 49 32 2 11 45 88 57 62 46 34 66 8 18 47 35 7 95 75 31 14 20 63 86 21 74 56 38 94 85 50 61 78 71 36 5 27 17 82 48 12 72 3
4 76 17 80 52 27 45 89 82 59 9 14 92 75 2 30 86 81 99 83 90 4
5 80 95 38 57 45 78 83 22 49 62 18 82 32 33 15 55 6 67 79 36 75 66 59 64 42 88 46 13 16 69 12 89 34 61 70 72 98 74 19 87 63 91 56 81 71 10 29 39 8 53 14 5
6 67 32 85 48 70 57 64 45 72 51 24 97 11 81 55 54 19 71 30 61 96 80 53 69 39 37 76 68 40 27 99 14 13 95 25 43 89 18 44 52 77 63 15 91 38 87 49 16 75 21 8 23 88 50 5 12 84 79 9 0 28 10 41 46 62 82 74 7 26 90 31 92 65 59 2 17 42 58 56 35 4 1 33 73 98 93 29 22 94 20 3 6
7 50 9 72 96 14 89 34 61 27 77 42 71 88 11 58 3 13 47 86 85 23 60 30 38 16 44 81 74 45 79 15 5 8 28 76 43 56 65 91 66 2 53 51 93 48 37 73 62 69 63 97 98 20 33 21 6 12 84 18 49 67 64 32 95 39 75 10 90 25 68 35 83 41 54 57 26 0 36 52 4 46 1 29 99 70 55 82 22 24 59 94 87 19 40 78 92 80 7
8 59 21 4 49 97 35 96 50 41 72 17 15 84 42 11 44 6 40 7 3 80 28 91 38 74 29 16 31 1 10 66 57 70 20 76 54 27 55 30 62 61 94 8
9 37 11 28 9
10 56 77 51 25 82 75 66 50 67 94 15 71 20 62 52 64 28 80 16 58 17 42 32 9 76 0 7 72 89 27 3 53 34 31 86 46 26 43 57 19 41 88 85 21 63 99 35 37 96 61 10
11 98 37 74 41 50 32 16 2 80 59 18 62 83 26 71 48 5 45 86 19 40 29 56 81 52 69 55 60 54 85 77 22 25 68 89 65 35 14 93 51 67 95 39 7 20 11
12 41 97 7 26 9 40 24 22 50 91 29 65 54 55 88 15 25 52 69 3 17 92 32 34 96 62 13 98 57 89 16 35 39 53 80 79 73 85 93 94 30 23 19 95 77 0 38 61 21 66 64 42 4 56 5 2 31 74 46 14 99 82 86 72 75 87 1 78 68 45 90 49 51 47 76 18 44 60 43 67 20 70 11 83 27 59 8 48 36 10 84 71 63 12
13 8 55 64 58 46 5 22 34 15 70 13
14 95 98 48 25 99 19 57 73 5 90 81 50 93 11 21 34 41 20 94 80 70 89 24 22 43 30 71 77 45 18 58 52 91 39 76 97 75 12 92 14
15 66 1 7 69 2 36 87 62 92 9 97 3 95 60 88 61 40 42 55 6 48 93 32 31 51 29 78 13 72 91 47 50 84 58 76 59 34 25 74 23 44 30 5 79 33 94 96 56 27 75 65 73 54 19 80 12 86 63 22 11 77 45 18 26 8 89 57 68 10 20 4 39 83 43 46 71 28 52 21 15
16 95 99 27 46 76 93 78 1 12 73 39 20 19 74 85 38 43 55 49 2 87 91 40 9 10 23 50 84 5 62 32 26 44 37 13 94 41 25 45 61 47 3 67 64 56 58 24 21 69 48 54 11 59 34 15 98 92 83 79 96 77 52 80 0 53 35 30 7 14 63 8 81 17 6 18 82 88 68 72 97 22 4 29 86 60 51 36 66 65 16
17 68 12 92 77 90 64 2 29 19 95 98 56 52 3 76 48 65 4 11 35 7 59 66 61 87 60 21 41 10 72 37 25 16 71 9 83 23 54 46 51 1 32 24 93 38 40 79 91 8 6 69 97 58 57 47 78 0 36 84 94 28 80 34 53 55 62 42 44 75 5 18 43 14 45 63 81 74 27 86 49 15 30 13 85 20 96 17
18 83 12 31 13 55 20 17 95 4 89 60 33 72 22 62 76 36 85 10 65 99 18
19 83 89 68 40 26 31 56 15 96 62 91 63 11 30 1 8 92 29 58 81 47 7 67 49 75 50 84 77 4 61 72 41 37 98 52 32 35 88 97 71 78 93 34 20 95 54 82 55 45 16 51 44 99 3 42 38 76 46 9 79 25 17 14 65 59 24 6 87 70 12 22 39 19
20 88 1 10 23 63 65 96 99 98 52 37 5 39 68 79 54 7 73 4 74 84 43 11 95 31 70 90 38 97 33 81 24 27 17 66 36 8 12 2 51 40 34 55 78 48 32 93 21 91 15 58 56 60 9 3 14 67 64 77 47 0 75 94 59 46 62 35 19 61 50 69 28 83 76 18 20
21 46 78 47 8 25 75 73 3 26 65 96 89 22 59 30 66 95 18 83 86 70 33 49 29 16 20 14 88 93 68 62 44 82 21
22 82 1 69 83 61 13 25 18 94 46 27 41 36 10 20 87 92 24 67 4 84 70 22
23 9 22 37 16 89 81 18 27 61 56 80 44 30 21 60 40 32 71 90 14 54 15 93 74 3 63 20 98 79 31 62 5 28 29 97 57 99 95 65 91 1 96 72 92 19 10 69 6 11 49 39 13 84 17 43 73 78 88 76 70 26 66 35 94 12 42 33 50 53 45 7 75 77 51 47 83 85 52 38 67 41 24 46 25 36 58 59 34 68 0 23
24 94 88 44 25 64 7 43 16 10 96 30 27 72 85 13 90 81 61 92 67 2 22 45 69 47 74 41 66 53 24
25 48 90 75 94 66 35 70 22 25
26 7 37 6 45 31 76 92 94 27 14 0 54 11 83 47 90 98 12 4 36 87 3 61 81 28 79 22 72 46 5 50 8 85 24 91 2 77 42 78 25 74 35 32 97 51 82 84 71 88 68 99 75 95 67 62 34 44 29 21 80 86 40 15 60 1 65 13 30 57 41 18 93 20 49 73 69 38 59 52 55 43 56 39 19 48 26
27 82 91 58 23 88 4 57 81 29 8 20 47 22 18 62 25 30 73 38 76 97 98 50 19 54 60 3 64 55 70 39 40 42 72 66 63 12 74 67 49 86 95 61 37 31 68 77 83 13 45 7 96 94 52 41 93 33 5 34 59 79 10 56 89 90 44 14 26 24 27
28 63 25 68 90 56 54 55 33 78 52 35 21 92 8 16 74 20 31 70 9 86 79 42 59 40 12 93 46 15 43 84 80 87 83 60 72 11 66 58 13 34 24 18 51 61 85 65 98 29 94 38 75 1 19 22 28
29 82 80 57 55 62 53 45 13 9 69 56 84 67 99 41 83 91 71 38 22 95 97 50 1 66 14 75 11 27 10 48 0 6 98 94 21 73 78 89 5 76 72 36 25 30 8 29
30 65 10 88 30
31 59 37 55 5 52 49 1 69 48 72 86 21 98 4 58 77 89 90 60 9 81 2 67 42 13 79 39 64 99 85 96 70 23 25 11 75 38 27 44 47 45 12 94 88 31
32 37 78 50 72 89 19 52 25 17 84 47 27 59 4 77 28 1 2 15 48 63 88 6 12 96 76 32
33 52 86 29 75 69 71 33
34 91 26 17 36 70 34
35 0 19 84 67 72 77 56 69 37 24 20 31 47 96 12 48 33 58 53 50 81 62 34 41 46 91 17 61 59 74 28 85 45 99 63 78 64 65 93 30 35
36 99 28 70 82 66 55 22 2 49 14 0 90 35 83 67 87 84 24 47 26 17 52 20 91 27 11 98 38 31 92 10 13 81 93 50 37 69 97 63 76 42 57 54 59 5 45 51 53 73 29 60 89 32 34 8 86 95 12 19 68 18 75 33 80 46 7 1 77 79 40 16 36
37 0 15 92 32 58 70 6 85 5 61 80 62 9 68 91 76 89 94 81 88 13 21 72 27 29 60 18 55 25 69 93 30 99 3 28 38 7 11 24 56 49 35 86 23 63 42 97 20 84 45 74 19 47 31 4 50 46 64 34 87 41 90 73 57 14 10 37
38 83 82 19 62 47 50 86 63 84 69 18 31 10 2 81 20 12 97 6 14 0 79 40 77 80 91 27 41 60 70 28 78 32 87 54 8 5 94 67 73 75 11 85 26 61 95 99 96 88 43 36 76 15 72 38
39 33 57 9 56 10 52 36 79 71 62 91 39
40 5 27 11 39 93 14 41 32 82 85 36 17 75 49 53 67 63 43 33 23 99 31 45 60 19 78 22 65 18 6 70 58 81 8 44 74 28 20 97 55 54 48 57 47 73 37 35 64 24 13 90 10 77 98 89 0 21 26 66 29 95 61 51 92 12 4 52 96 9 25 3 2 40
41 20 19 10 55 2 96 50 9 66 40 4 54 67 22 79 58 65 97 15 76 77 46 31 11 18 63 25 87 69 52 86 8 39 73 21 12 85 72 6 32 95 26 45 51 89 53 81 38 61 90 41
42 21 85 49 5 96 47 91 69 43 50 80 67 62 52 71 51 39 94 48 76 12 54 75 23 74 45 79 97 61 95 93 42
43 42 89 35 53 12 60 26 33 56 10 46 86 39 34 43
44 32 96 45 64 18 12 85 52 69 42 66 86 7 93 59 39 37 75 92 6 84 9 8 56 25 33 78 54 20 77 72 43 91 95 34 40 21 87 71 16 62 15 76 55 38 49 14 88 68 27 53 58 30 28 29 0 10 4 67 22 79 26 90 74 46 31 50 17 11 63 24 48 13 60 36 98 81 35 70 83 57 82 99 89 47 94 61 97 51 19 2 44
45 97 20 0 25 11 52 68 8 53 81 40 69 88 56 16 13 72 73 10 61 86 62 55 18 12 75 87 99 28 92 34 51 1 27 60 38 47 46 70 63 15 65 71 24 89 82 2 95 42 45
46 48 73 74 37 77 22 78 44 76 79 13 38 83 23 4 7 98 60 80 21 32 57 68 29 11 52 10 64 67 34 16 58 24 39 51 27 35 71 5 72 26 96 19 15 62 70 61 86 88 50 28 30 42 65 31 6 43 2 94 55 17 8 46
47 53 17 33 21 94 76 77 55 54 90 19 25 16 93 99 10 64 28 20 38 71 82 85 8 45 97 48 44 27 26 29 84 5 14 1 75 78 49 72 66 2 68 43 86 87 80 61 59 91 31 30 79 52 3 9 34 39 69 74 70 62 13 60 83 96 63 37 4 58 46 41 35 95 98 50 18 24 22 57 56 42 73 15 51 88 12 23 6 47
48 81 35 16 86 15 22 48
49 96 92 48 12 68 87 45 63 56 85 51 47 52 18 34 9 33 6 79 40 74 94 61 77 97 11 23 70 4 0 32 89 93 75 64 15 88 8 65 19 84 31 25 27 62 17 10 5 49
50 21 69 86 4 40 28 14 55 2 3 58 80 91 53 6 8 26 19 97 18 70 78 61 92 7 65 27 30 83 99 33 62 88 35 5 44 72 68 41 85 73 79 23 31 17 11 20 13 50
51 71 80 15 54 34 75 4 87 97 26 9 56 69 17 47 2 67 94 8 5 49 92 13 38 89 85 60 62 25 99 27 70 58 32 22 11 14 83 31 78 65 42 3 45 41 63 73 7 79 21 30 50 74 95 91 81 6 19 48 24 66 36 46 35 40 76 88 53 98 43 77 93 90 23 82 1 20 59 16 18 55 39 96 52 10 44 29 86 33 12 57 0 68 37 84 72 51
52 92 39 85 45 95 63 13 88 91 97 59 19 0 5 17 6 94 8 54 84 9 52
53 18 86 35 57 26 43 19 83 92 98 58 65 60 53
54 39 21 26 90 8 55 76 82 47 97 86 54
55 24 95 64 60 59 7 37 83 3 99 52 79 17 0 89 36 75 46 14 35 74 8 61 18 88 92 41 21 6 67 29 57 40 94 16 53 33 20 90 32 91 34 11 84 44 93 78 58 42 56 51 38 65 62 66 43 69 47 5 48 15 27 30 55
56 70 37 78 25 82 3 33 20 6 76 43 63 95 71 90 44 68 73 18 99 79 35 69 80 72 2 45 24 93 56
57 88 3 28 27 98 74 70 32 76 38 52 53 68 58 83 13 43 26 22 19 49 97 24 5 64 55 93 4 8 89 75 16 80 69 91 45 48 59 10 44 54 1 42 11 29 96 63 62 51 87 37 33 12 2 92 41 61 46 57
58 96 32 53 22 80 73 84 1 94 93 19 13 41 91 45 72 59 50 51 0 17 76 42 68 90 70 48 97 81 83 37 49 28 67 61 55 27 3 12 8 11 69 38 78 9 65 18 54 47 64 26 6 2 85 36 14 82 95 10 60 5 66 99 92 57 56 43 29 44 87 24 25 15 21 46 7 16 62 33 31 74 4 89 20 79 34 98 39 40 58
59 80 12 76 98 54 75 47 20 81 70 85 5 28 55 77 65 56 69 83 95 10 22 44 86 29 46 68 43 84 92 36 7 71 53 26 21 27 23 49 72 11 25 73 37 48 13 9 4 34 42 99 62 30 41 35 6 87 78 90 64 16 61 74 88 39 1 24 19 0 97 18 2 51 66 67 91 8 33 31 52 38 89 40 82 45 57 14 32 96 63 58 15 94 3 17 79 50 93 59
60 89 97 14 15 93 37 74 45 23 50 25 21 90 69 3 92 16 86 44 35 57 82 98 62 40 75 95 91 51 36 64 78 60
61 32 7 42 94 30 59 58 41 62 86 33 14 40 53 38 3 54 45 88 99 6 74 29 16 90 31 97 52 56 79 82 25 61
62 55 84 57 81 86 56 82 31 78 89 58 29 54 21 14 25 0 99 64 65 69 11 51 92 83 91 48 38 53 12 34 61 24 5 18 23 17 94 71 90 27 20 10 60 77 79 96 43 80 4 33 7 66 3 73 74 45 40 22 72 44 37 68 46 2 16 67 13 49 26 63 70 30 88 15 35 39 87 52 62
63 91 28 67 68 97 12 1 36 2 40 99 61 62 74 14 87 6 71 92 44 20 16 34 47 42 89 81 84 78 23 22 98 33 3 45 73 35 52 60 94 69 58 46 10 49 79 86 51 59 43 53 18 4 90 37 38 32 26 31 93 57 24 64 17 21 77 48 13 80 66 95 30 88 5 41 76 25 83 15 0 11 50 75 8 72 82 63
64 99 66 2 36 92 7 72 95 45 67 94 13 53 81 75 16 82 83 89 57 10 79 61 85 41 26 1 51 3 97 20 47 87 84 18 29 96 31 6 65 42 9 38 62 22 4 39 64
65 94 5 68 88 85 39 93 70 1 7 25 31 69 44 40 52 33 60 2 59 90 62 27 48 11 38 22 24 41 16 21 8 76 9 36 32 47 66 42 17 13 81 43 77 29 98 14 61 49 55 50 80 35 28 65
66 54 22 9 95 94 1 6 8 24 91 20 87 52 71 25 75 44 49 92 66
67 86 80 0 9 23 79 82 68 38 39 19 12 93 62 10 30 43 56 88 32 60 17 69 13 45 22 84 28 8 51 34 63 14 64 58 37 94 31 59 16 44 29 70 65 49 76 87 1 5 85 92 99 90 52 15 24 11 7 4 50 95 72 67
68 83 67 73 43 42 14 40 25 81 33 96 74 91 29 30 85 24 23 50 22 19 61 34 56 36 11 70 63 3 90 48 68
69 3 97 26 6 17 2 21 74 11 86 9 44 55 56 82 5 22 76 77 58 75 90 4 32 91 60 34 38 79 48 70 45 84 30 20 23 65 14 68 98 16 71 88 95 96 35 64 33 99 24 72 43 66 41 93 85 51 73 47 59 94 49 57 80 39 50 29 69
70 17 8 16 54 99 18 6 27 88 93 26 22 38 47 74 67 19 58 10 7 1 71 90 55 85 77 84 68 2 81 21 79 39 37 34 98 42 57 78 61 70
71 79 16 8 93 34 44 67 45 3 63 4 43 36 81 57 47 82 75 9 0 17 87 13 70 20 35 51 15 26 19 23 37 77 52 29 62 53 95 83 69 56 94 61 10 65 11 64 2 58 85 73 92 27 55 66 60 72 50 12 28 89 74 6 48 88 59 33 14 22 91 41 1 42 32 86 40 31 98 5 71
72 34 78 75 0 22 18 71 8 93 97 69 5 19 53 66 13 82 74 90 16 50 23 54 31 17 92 96 28 7 49 3 35 76 68 94 52 1 36 67 62 44 84 2 63 30 83 73 9 65 11 20 48 98 79 80 40 95 56 87 89 10 24 6 60 37 32 29 26 64 4 41 42 88 61 39 58 21 55 86 38 72
73 5 41 26 19 39 59 70 52 88 72 80 90 89 32 79 20 31 54 47 46 43 16 21 15 49 8 53 22 55 66 6 75 35 58 97 37 14 7 9 74 51 24 82 81 63 77 17 23 87 44 65 27 68 71 40 60 61 86 18 93 11 56 28 13 91 78 45 38 64 42 73
74 11 28 2 71 59 19 70 75 76 34 68 81 18 41 91 27 40 7 69 0 90 47 63 67 54 95 23 94 36 20 48 73 16 87 86 42 89 82 37 80 65 51 9 64 92 43 77 4 93 52 39 55 83 32 24 30 62 38 31 84 85 56 60 33 15 46 45 96 12 58 35 53 1 49 74
75 87 51 52 21 30 9 12 46 39 26 55 43 40 66 53 49 58 81 2 99 29 48 76 22 25 75
76 64 93 92 83 78 43 98 87 79 77 35 86 44 25 6 27 76
77 54 62 28 55 60 31 4 24 39 1 32 10 72 67 77
78 16 18 61 47 87 71 95 81 78
79 30 14 42 66 71 4 63 18 46 28 9 88 16 50 74 52 67 38 5 27 97 79
80 73 78 39 97 89 77 42 67 45 18 22 5 32 75 19 84 61 17 91 74 82 94 13 37 29 60 16 26 95 25 40 85 59 90 1 64 20 24 50 34 87 2 12 38 31 68 43 6 8 48 70 96 76 65 55 4 3 72 99 10 92 7 9 54 98 71 35 56 36 63 57 27 33 46 28 93 51 86 62 41 21 0 44 23 53 58 83 81 11 69 47 15 52 66 79 88 49 14 80
81 35 12 3 32 36 9 78 22 11 76 30 91 0 57 88 25 82 40 62 64 31 21 6 85 52 73 98 23 61 1 87 58 86 84 48 97 28 63 65 14 75 24 81
82 78 57 22 85 66 56 59 41 10 93 5 80 11 39 8 65 76 94 51 19 60 26 68 29 86 44 2 49 4 31 98 77 3 50 1 34 17 27 28 82
83 92 95 38 22 87 11 69 15 25 56 20 79 27 41 28 14 84 64 31 13 67 89 57 51 86 12 24 97 2 98 65 19 5 45 0 17 9 90 10 34 26 80 40 7 21 8 47 1 58 70 33 83
84 88 65 0 20 71 52 99 36 82 46 19 97 73 4 34 75 9 7 14 91 1 53 77 74 25 15 39 98 5 49 67 81 2 66 31 41 22 51 57 55 37 54 72 95 18 48 24 93 68 21 85 3 47 28 78 42 56 94 30 29 12 40 84
85 6 69 15 0 25 46 31 32 70 35 97 33 86 4 95 47 19 20 59 88 91 26 76 94 28 45 24 83 96 87 58 42 49 5 73 2 23 7 50 30 79 16 63 36 52 64 41 8 90 9 66 37 54 62 38 89 77 85
86 39 79 25 27 72 99 83 16 68 64 90 41 0 61 14 96 93 67 63 85 73 82 11 20 12 59 17 69 86
87 1 8 41 90 19 97 30 3 33 74 5 84 89 94 42 31 81 78 63 13 60 22 83 93 28 7 65 85 55 80 27 98 43 66 38 79 18 70 48 82 45 73 56 50 10 46 96 49 69 11 77 76 40 75 16 52 6 61 14 51 32 21 37 0 36 34 99 2 88 4 35 44 47 91 87
88 90 44 88
89 91 4 34 75 17 55 46 94 54 2 22 20 92 66 58 16 99 50 81 24 85 21 83 38 44 25 89
90 13 51 32 28 90
91 1 64 91
92 57 45 78 34 20 94 73 85 68 87 63 40 17 13 95 88 47 33 59 32 60 86 52 29 7 11 56 70 98 62 10 36 81 41 51 49 80 43 26 15 72 9 1 75 77 55 44 58 37 91 69 76 61 21 93 99 90 66 89 53 28 0 2 19 79 46 64 39 83 38 96 82 3 31 22 54 24 12 30 97 65 67 16 50 23 84 14 48 35 5 92
93 61 1 62 12 5 52 23 73 72 21 50 68 64 49 74 6 45 27 31 17 91 58 82 47 29 51 96 0 4 18 44 80 83 77 98 26 14 71 67 39 15 24 48 30 8 63 42 3 69 56 78 70 81 85 28 19 89 11 37 22 55 38 93
94 10 73 2 81 15 4 44 25 90 96 8 86 1 92 88 91 71 19 21 16 11 9 23 67 77 66 33 24 74 3 14 38 34 26 59 32 78 94
95 29 68 50 9 21 42 33 1 17 99 92 82 55 25 90 94 10 27 31 87 97 26 49 20 89 62 47 44 65 35 96 51 73 66 72 40 98 11 79 36 58 77 12 95
96 74 3 13 8 29 5 85 94 56 51 44 92 31 15 35 81 7 43 41 19 0 88 18 14 53 71 16 1 46 54 67 72 22 17 37 77 58 66 84 87 89 10 99 38 68 82 73 76 55 96
97 94 28 87 25 30 69 52 68 35 75 1 45 26 13 9 51 19 76 88 78 8 10 5 6 58 48 96 70 2 12 17 23 65 24 37 85 53 95 20 66 59 71 73 0 98 43 63 55 22 82 97
98 14 62 35 47 3 64 81 82 65 45 16 2 99 48 74 93 58 92 98
99 67 28 24 42 11 40 79 98 55 13 62 43 75 48 70 20 87 66 26 37 71 8 78 84 83 91 65 69 92 60 27 47 31 5 39 93 0 64 9 76 56 86 52 57 82 72 38 7 33 29 96 12 36 77 22 2 45 44 88 15 74 41 53 73 3 14 34 35 30 59 50 99
